000001    00002134294        -44444  333      22222222   444          222222222211111  333          1111  2222                                                                                                                          4                                                             333333                                          3                                               .
000002    00002180578        -44444 22221111      444444  331111111111          11111111442222222222                                                                                  4                                                                                                                                                                                                               .
000003    00001924433        -44444 3333      11112222222   444    444          1111111111          111111 222                                                                                                                 2                                                                3                                                                                                     .
000004    00001924188        -1111  444411111     4444444444          1111   33311111 44441111111111                                                                                                                                                                                                3                                                                                                 .
000005    00002185207        -1111113333     2222244444 3333          11111111111111111111          4444  3333                                                                                                                                                                                                                                                                                        .
000006    00002180801        -1111  22224444      4444   3331111111111          111111 3333333333333                                                                                                                                                                                                                                                                                                  .
000007    00002180664        -1111111111      4444333333  221111111111          111111 333          44444 3333        4   4                                          3444  3433                                                                                                                                                                                                                       .
000008    00002180730        -44444 33331111      3333333333          2222  444411111111112222222222                                                                                                                                                                                                                                                     333                                          .
000009    00002134312        -22222  444      11113333333333          222   1111111   4444          2222222222                                                                                                                                                                                                                                                                                        .
000010    00001936417        -44444  3331111      2222  33331111111111          11111  33311111111 4                                                                                                                                                                                                                                                                                                  .
000011    00002116617        -333333333       2222111111111 3333333333          1111  2222          3333333333                                                                                                                                                                                                                                                                                        .
000012    00001936429        -11111 33331111      3333333333          111111111111111  3331111111111                                                                                                                                                                                                                                                                                                  .
000013    00002187579        -22222  44411111111  4444   3331111111111      22221111  3333      2222                                                                                                                                                                                                                                                                                                  .
000014    00002180619        -11111  33311111  3331111111111444444444411111     11111111114444                                                                                                                                                                                                                                                                                                        .
000015    00002180553        -111111 333111111111122222222224444444444      2222111111111133333                                                                                                                                                                                                                                                                                                       .
000016    00001930541        -11111  22211111111112222222222444444444422222     1111111111      2222                                                                                                                                                                                                                                                                                                  .
000017    00002134335        -1111  2222111111  4444444444442222222 331111111111          11111  3331111111111      11112222 33333      1111                                                                                                                                                                                                                                                          .
000018    00001934603        -3333  2222111111111 33333  222111111 333444444444411111 2222          1111  33331111      11111111111111                                                                                                                                                                                                                                                                .
000019    00001935865        -33333 2222111111 444222222222211111   222222222222          44444 3333222222  111111      3333333333      1111                                                                                                                                                                                                                                                          .
000020    00001933983        -3333  22221111  4444333333333311111  22211111111111111111111          33333 2222      111 333333333 11111                                                                                                                                                                                                                                                               .
000021    00002184999        -44444433331111111111222222  111111 44444      2222111111 222     4444411111 2222      11114444444444      1111                                                                                                                                                                                                                                                          .
000022    00002185019        -333333  22111111 33322222  44 111111111122222     1111 222221111      222222222 444       222222 1111111                                                                                                                                                                                                                                                                .
000023    00002185268        -11111 2222444444444422222  1111111111111      222211111 33331111      3333333333      1111222222222211111                                                                                                                                                                                                                                                               .
000024    00002185361        -1111  4444222222222211111 222211111 444411111     111111 222      4444333333333311111     1111111111      1111                                                                                                                                                                                                                                                          .
000025    00002180747        -11111  22211111 4444      11114444  33331111111111     1111122222  444111111 222      22224444444444     11111                                                                                                                                                                                                                                                          .
000026    00002180504        -111  33333111  4444 111       444444444 33333333331111      222222 44411111111112222      44444 33331111                                                                                                                                                                                                                                                                .
000027    00002116622        -1111 222224444  3333      111 222222222 4444  3333111       111111 333111111 444     22222111111111111111                                                                                                                                                                                                                                                               .
000028    00001935945        -333333 1111111 2222222222     2222222222111   4444      111 222222222211111 222244444     1111111111     11111                                                                                                                                                                                                                                                          .
000029    00002134402        -11111111111111 22222222  4444411111111112222222222111111 222444444  3322222  11111111 222244444444441111111111      1111      4444333333 222          11111113331111111111          1111111111                                                                                                                                                                          .
000030    00002133613        -333333 111222222  441111111111222222 444111111111111111 22224444 333331111 222222222  44441111 2222211111111111111      1111      4444444444222  11111          11111111112222  3333                                                                                                                                                                                    .
000031    00002133261        -33333 11111111 222224444 333331111111111 111  44441111 2222211111  22211111 4444333333222211111111111111111111      1111222       2222222222          11111  22211111111112222222222                                                                                                                                                                                    .
000032    00002133362        -22222  44411111111112222 444441111111111222222222211111 222211111111111111  333322222  4443333  2222111111 3331111            1111333333333 1111111111          1111  3333          1111111111                                                                                                                                                                          .
000033    00002108899        -2222  11112222  444422222 111111111 3333111111111111111  222111111111 22222222223333333333          1111 2222 4444444444          111111111122222  444          11111 33331111111111          1111  2222                                                                                                                                                                .
000034    00002108904        -222222 11111111111113333   22211111 222211111111111111  11113333333333111111111122222 44441111111111          1111 22222111111111           44444444441111112222          2222 1111111111 4444                                                                                                                                                                          .
000035    00002108915        -22222 1111111111111144444444443333333333111111111111111 2222111111 44422222222222222 11111          1111111 222222 333331111111111          2222222222          1111 222221111  44441111111111                                                                                                                                                                          .
000036    00002108951        -3333  2222111   4444333  222221111 33333111111 222111111111122222222223333333333444444444411111 2222          111  22222          3333  444411111111111111111111          3333333333          1111111111                                                                                                                                                                .
000037    00002201684        -3333222 111112222111111 2224441111 11111111222333311111111112222 333331111 444443333311111          11111222221111 222221111444444          11111  222111111 222          44444 333311111 2222111111111111111 2222                                                                                                                                                      .
000038    00002201711        -4444 333 2111 222333111 33  44111111111 2222 33333111 222 111112224444111111111122222244442222222222          1111  222 2222 1111 111 222 44          111111111122222 3333          1111 3333311111111111111333 22                                                                                                                                                      .
000039    00002201740        -44444  3331111111 331111  3333111111 3331111 2222211112222224444444444222222 1111111 44444          111112222211111 2222222222 4441111111111          111111 222          2222  444411111 222244444444441111111333                                                                                                                                                      .
000040    00002133513        -33333 22221111  44443333 33333111111 22211111 33331111112222111111 2221111144444222222 1111111111111          11111111112222222222          2222 11111111111 3331111111111          11111  2221111111111111111 222                                                                                                                                                      .
000041    00002109302        -11111  22211111 4444333333 22211111  4443333333333111111  221111111111222222  44333333333311111  2221111   222444444444422222   443333333 11          1111111   22222                                                                                                                                                                                                   .
000042    00002109310        -333333 222111111111 2222 3333311111 222211111 222211111 222211111  33311111 222244444   22111111111111111  22233333 2222111111 44422222   1111111111111111111 2222222                                                                                                                                                                                                   .
000043    00002109441        -33333 222211111 22224444   3333333  22221111111111111111 2222222222 4422222  111111111111133333333331111111222111111  44222222  443333  222211111111111111111111                                                                                                                                                                                                        .
000044    00002109174        -44444  33311111111113333  22221111  4444333  222221111111111222222  44222222222 1111  444 333333333 111111    2222 4444422222222  11111 222211111111111111111111                                                                                                                                                                                                        .